0.1111111;
0.0612372;
-0.0;
0.0612372;
0.1290994;
0.0;
-0.124226;
0.0;
0.0;
0.073951;
0.0;
-0.0572822;
0.0;
-0.0572822;
0.0;
-0.073951;
0.1111111;
-0.0612372;
-0.0;
0.0612372;
-0.1290994;
0.0;
-0.124226;
0.0;
-0.0;
-0.073951;
0.0;
0.0572822;
0.0;
-0.0572822;
0.0;
-0.073951;
0.1111111;
-0.0612372;
-0.0;
-0.0612372;
0.1290994;
0.0;
-0.124226;
0.0;
0.0;
-0.073951;
0.0;
0.0572822;
0.0;
0.0572822;
0.0;
0.073951;
0.1111111;
0.0612372;
-0.0;
-0.0612372;
-0.1290994;
0.0;
-0.124226;
0.0;
-0.0;
0.073951;
0.0;
-0.0572822;
0.0;
0.0572822;
0.0;
0.073951;
