0.0497076;
0.0580969;
-0.0085947;
0.0580969;
0.1290994;
0.0049654;
-0.0673436;
0.0049654;
0.0;
0.0751248;
-0.0690066;
-0.0470008;
0.0032822;
-0.0470008;
-0.0;
-0.0751248;
0.0497076;
0.0;
-0.0085947;
0.0821614;
0.0;
0.0;
-0.0673436;
0.0070221;
0.1290994;
0.0;
0.0;
-0.0;
0.0032822;
-0.0664691;
-0.0690066;
0.1062425;
0.0497076;
-0.0580969;
-0.0085947;
0.0580969;
-0.1290994;
-0.0049654;
-0.0673436;
0.0049654;
0.0;
-0.0751248;
0.0690066;
0.0470008;
0.0032822;
-0.0470008;
0.0;
-0.0751248;
0.0497076;
-0.0821614;
-0.0085947;
-0.0;
0.0;
-0.0070221;
-0.0673436;
-0.0;
-0.1290994;
0.1062425;
-0.0;
0.0664691;
0.0032822;
0.0;
0.0690066;
0.0;
0.0497076;
-0.0580969;
-0.0085947;
-0.0580969;
0.1290994;
-0.0049654;
-0.0673436;
-0.0049654;
0.0;
-0.0751248;
-0.0690066;
0.0470008;
0.0032822;
0.0470008;
-0.0;
0.0751248;
0.0497076;
-0.0;
-0.0085947;
-0.0821614;
0.0;
-0.0;
-0.0673436;
-0.0070221;
0.1290994;
-0.0;
0.0;
-0.0;
0.0032822;
0.0664691;
-0.0690066;
-0.1062425;
0.0497076;
0.0580969;
-0.0085947;
-0.0580969;
-0.1290994;
0.0049654;
-0.0673436;
-0.0049654;
-0.0;
0.0751248;
0.0690066;
-0.0470008;
0.0032822;
0.0470008;
-0.0;
0.0751248;
0.0497076;
0.0821614;
-0.0085947;
0.0;
0.0;
0.0070221;
-0.0673436;
-0.0;
-0.1290994;
-0.1062425;
-0.0;
-0.0664691;
0.0032822;
0.0;
0.0690066;
0.0;
0.0350877;
0.0168248;
0.0515682;
0.0406185;
0.0;
0.0228019;
0.0313834;
0.0550488;
0.0;
0.0347031;
0.09759;
0.0179864;
-0.0196929;
0.0434231;
0.09759;
0.0143745;
0.0350877;
-0.0168248;
0.0515682;
0.0406185;
-0.0;
-0.0228019;
0.0313834;
0.0550488;
-0.0;
-0.0347031;
-0.09759;
-0.0179864;
-0.0196929;
0.0434231;
0.09759;
0.0143745;
0.0350877;
-0.0406185;
0.0515682;
0.0168248;
-0.0;
-0.0550488;
0.0313834;
0.0228019;
-0.0;
0.0143745;
-0.09759;
-0.0434231;
-0.0196929;
0.0179864;
-0.09759;
-0.0347031;
0.0350877;
-0.0406185;
0.0515682;
-0.0168248;
0.0;
-0.0550488;
0.0313834;
-0.0228019;
0.0;
0.0143745;
0.09759;
-0.0434231;
-0.0196929;
-0.0179864;
-0.09759;
0.0347031;
0.0350877;
-0.0168248;
0.0515682;
-0.0406185;
-0.0;
-0.0228019;
0.0313834;
-0.0550488;
-0.0;
-0.0347031;
0.09759;
-0.0179864;
-0.0196929;
-0.0434231;
0.09759;
-0.0143745;
0.0350877;
0.0168248;
0.0515682;
-0.0406185;
0.0;
0.0228019;
0.0313834;
-0.0550488;
0.0;
0.0347031;
-0.09759;
0.0179864;
-0.0196929;
-0.0434231;
0.09759;
-0.0143745;
0.0350877;
0.0406185;
0.0515682;
-0.0168248;
-0.0;
0.0550488;
0.0313834;
-0.0228019;
-0.0;
-0.0143745;
-0.09759;
0.0434231;
-0.0196929;
-0.0179864;
-0.09759;
0.0347031;
0.0350877;
0.0406185;
0.0515682;
0.0168248;
0.0;
0.0550488;
0.0313834;
0.0228019;
0.0;
-0.0143745;
0.09759;
0.0434231;
-0.0196929;
0.0179864;
-0.09759;
-0.0347031;
