0.0625;
0.1020621;
-0.1020621;
0.051031;
0.0625;
0.1443376;
-0.1443376;
-0.0;
0.0625;
0.1020621;
-0.1020621;
-0.051031;
0.0625;
-0.0;
0.0;
-0.0721688;
0.0625;
-0.1020621;
0.1020621;
-0.051031;
0.0625;
-0.1443376;
0.1443376;
0.0;
0.0625;
-0.1020621;
0.1020621;
0.051031;
0.0625;
0.0;
-0.0;
0.0721688;
0.0625;
0.0;
0.1885861;
0.0276178;
0.0625;
0.0;
0.1885861;
-0.0276178;
0.0625;
0.0;
0.0781149;
-0.0666753;
0.0625;
-0.0;
-0.0781149;
-0.0666753;
0.0625;
-0.0;
-0.1885861;
-0.0276178;
0.0625;
-0.0;
-0.1885861;
0.0276178;
0.0625;
-0.0;
-0.0781149;
0.0666753;
0.0625;
0.0;
0.0781149;
0.0666753;
