0.0492424;
0.1020621;
-0.0092784;
0.1020621;
0.1032796;
-0.0645497;
-0.0677596;
-0.0645497;
-0.0;
0.0492424;
-0.0;
-0.0092784;
0.1443376;
-0.0;
0.0;
-0.0677596;
-0.0912871;
0.1032796;
0.0492424;
-0.1020621;
-0.0092784;
0.1020621;
-0.1032796;
0.0645497;
-0.0677596;
-0.0645497;
-0.0;
0.0492424;
-0.1443376;
-0.0092784;
-0.0;
-0.0;
0.0912871;
-0.0677596;
-0.0;
-0.1032796;
0.0492424;
-0.1020621;
-0.0092784;
-0.1020621;
0.1032796;
0.0645497;
-0.0677596;
0.0645497;
0.0;
0.0492424;
0.0;
-0.0092784;
-0.1443376;
-0.0;
-0.0;
-0.0677596;
0.0912871;
0.1032796;
0.0492424;
0.1020621;
-0.0092784;
-0.1020621;
-0.1032796;
-0.0645497;
-0.0677596;
0.0645497;
0.0;
0.0492424;
0.1443376;
-0.0092784;
-0.0;
0.0;
-0.0912871;
-0.0677596;
0.0;
-0.1032796;
0.0378788;
-0.0;
0.0556702;
-0.0;
0.0365148;
0.0494042;
0.0338798;
0.1192723;
0.0365148;
0.0378788;
-0.0;
0.0556702;
-0.0;
-0.0365148;
-0.0494042;
0.0338798;
0.1192723;
0.0365148;
0.0378788;
-0.0;
0.0556702;
-0.0;
-0.0365148;
-0.1192723;
0.0338798;
0.0494042;
-0.0365148;
0.0378788;
0.0;
0.0556702;
-0.0;
0.0365148;
-0.1192723;
0.0338798;
-0.0494042;
-0.0365148;
0.0378788;
0.0;
0.0556702;
0.0;
0.0365148;
-0.0494042;
0.0338798;
-0.1192723;
0.0365148;
0.0378788;
0.0;
0.0556702;
0.0;
-0.0365148;
0.0494042;
0.0338798;
-0.1192723;
0.0365148;
0.0378788;
0.0;
0.0556702;
0.0;
-0.0365148;
0.1192723;
0.0338798;
-0.0494042;
-0.0365148;
0.0378788;
0.0;
0.0556702;
0.0;
0.0365148;
0.1192723;
0.0338798;
0.0494042;
-0.0365148;
