0.0732484;
0.1165974;
-0.0630541;
0.1165974;
0.2886751;
-0.0214971;
-0.1035032;
-0.0214971;
0.0;
0.1987616;
-0.1825742;
-0.0982724;
0.0157635;
-0.0982724;
-0.0;
-0.1987616;
0.0732484;
-0.0;
-0.0630541;
0.1648936;
0.0;
-0.0;
-0.1035032;
-0.0304015;
0.2886751;
-0.0;
-0.0;
0.0;
0.0157635;
-0.1389781;
-0.1825742;
0.2810913;
0.0732484;
-0.1165974;
-0.0630541;
0.1165974;
-0.2886751;
0.0214971;
-0.1035032;
-0.0214971;
-0.0;
-0.1987616;
0.1825742;
0.0982724;
0.0157635;
-0.0982724;
0.0;
-0.1987616;
0.0732484;
-0.1648936;
-0.0630541;
-0.0;
0.0;
0.0304015;
-0.1035032;
-0.0;
-0.2886751;
0.2810913;
-0.0;
0.1389781;
0.0157635;
0.0;
0.1825742;
0.0;
0.0732484;
-0.1165974;
-0.0630541;
-0.1165974;
0.2886751;
0.0214971;
-0.1035032;
0.0214971;
-0.0;
-0.1987616;
-0.1825742;
0.0982724;
0.0157635;
0.0982724;
0.0;
0.1987616;
0.0732484;
0.0;
-0.0630541;
-0.1648936;
-0.0;
-0.0;
-0.1035032;
0.0304015;
0.2886751;
0.0;
0.0;
-0.0;
0.0157635;
0.1389781;
-0.1825742;
-0.2810913;
0.0732484;
0.1165974;
-0.0630541;
-0.1165974;
-0.2886751;
-0.0214971;
-0.1035032;
0.0214971;
-0.0;
0.1987616;
0.1825742;
-0.0982724;
0.0157635;
0.0982724;
0.0;
0.1987616;
0.0732484;
0.1648936;
-0.0630541;
0.0;
-0.0;
-0.0304015;
-0.1035032;
-0.0;
-0.2886751;
-0.2810913;
-0.0;
-0.1389781;
0.0157635;
0.0;
0.1825742;
0.0;
0.0382166;
0.028787;
0.0900773;
0.069498;
-0.0;
0.0517099;
0.0764331;
0.1248388;
0.0;
0.0918159;
0.2581989;
0.047009;
-0.0225193;
0.1134898;
0.2581989;
0.0380314;
0.0382166;
-0.028787;
0.0900773;
0.069498;
-0.0;
-0.0517099;
0.0764331;
0.1248388;
0.0;
-0.0918159;
-0.2581989;
-0.047009;
-0.0225193;
0.1134898;
0.2581989;
0.0380314;
0.0382166;
-0.069498;
0.0900773;
0.028787;
-0.0;
-0.1248388;
0.0764331;
0.0517099;
-0.0;
0.0380314;
-0.2581989;
-0.1134898;
-0.0225193;
0.047009;
-0.2581989;
-0.0918159;
0.0382166;
-0.069498;
0.0900773;
-0.028787;
-0.0;
-0.1248388;
0.0764331;
-0.0517099;
0.0;
0.0380314;
0.2581989;
-0.1134898;
-0.0225193;
-0.047009;
-0.2581989;
0.0918159;
0.0382166;
-0.028787;
0.0900773;
-0.069498;
0.0;
-0.0517099;
0.0764331;
-0.1248388;
0.0;
-0.0918159;
0.2581989;
-0.047009;
-0.0225193;
-0.1134898;
0.2581989;
-0.0380314;
0.0382166;
0.028787;
0.0900773;
-0.069498;
-0.0;
0.0517099;
0.0764331;
-0.1248388;
-0.0;
0.0918159;
-0.2581989;
0.047009;
-0.0225193;
-0.1134898;
0.2581989;
-0.0380314;
0.0382166;
0.069498;
0.0900773;
-0.028787;
0.0;
0.1248388;
0.0764331;
-0.0517099;
-0.0;
-0.0380314;
-0.2581989;
0.1134898;
-0.0225193;
-0.047009;
-0.2581989;
0.0918159;
0.0382166;
0.069498;
0.0900773;
0.028787;
0.0;
0.1248388;
0.0764331;
0.0517099;
-0.0;
-0.0380314;
0.2581989;
0.1134898;
-0.0225193;
0.047009;
-0.2581989;
-0.0918159;
