0.1;
0.0695788;
0.0;
0.1679781;
0.2041241;
-0.0;
-0.05;
0.0;
0.2041241;
0.2921564;
0.0;
-0.0426081;
0.0;
-0.1028652;
0.0;
0.1210151;
0.1;
-0.0695788;
0.0;
0.1679781;
-0.2041241;
0.0;
-0.05;
0.0;
0.2041241;
-0.2921564;
0.0;
0.0426081;
0.0;
-0.1028652;
0.0;
0.1210151;
0.1;
-0.1679781;
-0.0;
0.0695788;
-0.2041241;
-0.0;
-0.05;
0.0;
-0.2041241;
0.1210151;
0.0;
0.1028652;
0.0;
-0.0426081;
0.0;
-0.2921564;
0.1;
-0.1679781;
-0.0;
-0.0695788;
0.2041241;
-0.0;
-0.05;
0.0;
-0.2041241;
0.1210151;
0.0;
0.1028652;
0.0;
0.0426081;
0.0;
0.2921564;
0.1;
-0.0695788;
0.0;
-0.1679781;
0.2041241;
0.0;
-0.05;
0.0;
0.2041241;
-0.2921564;
0.0;
0.0426081;
0.0;
0.1028652;
0.0;
-0.1210151;
0.1;
0.0695788;
-0.0;
-0.1679781;
-0.2041241;
-0.0;
-0.05;
0.0;
0.2041241;
0.2921564;
0.0;
-0.0426081;
0.0;
0.1028652;
0.0;
-0.1210151;
0.1;
0.1679781;
-0.0;
-0.0695788;
-0.2041241;
-0.0;
-0.05;
0.0;
-0.2041241;
-0.1210151;
0.0;
-0.1028652;
0.0;
0.0426081;
0.0;
0.2921564;
0.1;
0.1679781;
0.0;
0.0695788;
0.2041241;
0.0;
-0.05;
0.0;
-0.2041241;
-0.1210151;
0.0;
-0.1028652;
0.0;
-0.0426081;
0.0;
-0.2921564;
