0.0555556;
0.029459;
0.0;
0.0711203;
0.0912871;
-0.0;
-0.062113;
0.0;
0.0912871;
0.1104247;
0.0;
-0.0275564;
0.0;
-0.0665269;
0.0;
0.0457394;
0.0555556;
-0.029459;
-0.0;
0.0711203;
-0.0912871;
0.0;
-0.062113;
0.0;
0.0912871;
-0.1104247;
0.0;
0.0275564;
0.0;
-0.0665269;
0.0;
0.0457394;
0.0555556;
-0.0711203;
0.0;
0.029459;
-0.0912871;
-0.0;
-0.062113;
0.0;
-0.0912871;
0.0457394;
0.0;
0.0665269;
0.0;
-0.0275564;
0.0;
-0.1104247;
0.0555556;
-0.0711203;
-0.0;
-0.029459;
0.0912871;
0.0;
-0.062113;
0.0;
-0.0912871;
0.0457394;
0.0;
0.0665269;
0.0;
0.0275564;
0.0;
0.1104247;
0.0555556;
-0.029459;
-0.0;
-0.0711203;
0.0912871;
-0.0;
-0.062113;
0.0;
0.0912871;
-0.1104247;
0.0;
0.0275564;
0.0;
0.0665269;
0.0;
-0.0457394;
0.0555556;
0.029459;
0.0;
-0.0711203;
-0.0912871;
-0.0;
-0.062113;
0.0;
0.0912871;
0.1104247;
0.0;
-0.0275564;
0.0;
0.0665269;
0.0;
-0.0457394;
0.0555556;
0.0711203;
-0.0;
-0.029459;
-0.0912871;
0.0;
-0.062113;
0.0;
-0.0912871;
-0.0457394;
0.0;
-0.0665269;
0.0;
0.0275564;
0.0;
0.1104247;
0.0555556;
0.0711203;
0.0;
0.029459;
0.0912871;
-0.0;
-0.062113;
0.0;
-0.0912871;
-0.0457394;
0.0;
-0.0665269;
0.0;
-0.0275564;
0.0;
-0.1104247;
