0.2;
0.1767767;
-0.0;
0.1767767;
0.2886751;
0.0;
-0.1;
0.0;
0.0;
0.1397542;
0.0;
-0.1082532;
0.0;
-0.1082532;
0.0;
-0.1397542;
0.2;
-0.1767767;
0.0;
0.1767767;
-0.2886751;
0.0;
-0.1;
0.0;
-0.0;
-0.1397542;
0.0;
0.1082532;
0.0;
-0.1082532;
0.0;
-0.1397542;
0.2;
-0.1767767;
-0.0;
-0.1767767;
0.2886751;
0.0;
-0.1;
0.0;
0.0;
-0.1397542;
0.0;
0.1082532;
0.0;
0.1082532;
0.0;
0.1397542;
0.2;
0.1767767;
0.0;
-0.1767767;
-0.2886751;
0.0;
-0.1;
0.0;
-0.0;
0.1397542;
0.0;
-0.1082532;
0.0;
0.1082532;
0.0;
0.1397542;
