0.1768;
0.1178;
0.1178;
-0.1768;
0.1768;
0.1667;
-0.0;
-0.1768;
0.1768;
0.1178;
-0.1178;
-0.1768;
0.1768;
0.0;
-0.1667;
-0.1768;
0.1768;
-0.1178;
-0.1178;
-0.1768;
0.1768;
-0.1667;
0.0;
-0.1768;
0.1768;
-0.1178;
0.1178;
-0.1768;
0.1768;
0.0;
0.1667;
-0.1768;
-0.0;
0.1089;
0.0451;
0.1768;
-0.0;
0.1089;
-0.0451;
0.1768;
-0.0;
0.0451;
-0.1089;
0.1768;
0.0;
-0.0451;
-0.1089;
0.1768;
-0.0;
-0.1089;
-0.0451;
0.1768;
-0.0;
-0.1089;
0.0451;
0.1768;
-0.0;
-0.0451;
0.1089;
0.1768;
-0.0;
0.0451;
0.1089;
0.1768;
