-0.0230119;
0.1333505;
-0.0;
0.0552356;
0.0;
0.0;
0.025728;
0.0912871;
0.1825742;
-0.0230119;
0.1333505;
0.0;
-0.0552356;
0.0;
0.0;
0.025728;
-0.0912871;
0.1825742;
0.134123;
0.0552356;
0.0;
-0.1333505;
0.0;
0.0;
-0.149954;
-0.0912871;
-0.1825742;
0.134123;
-0.0552356;
0.0;
-0.1333505;
0.0;
0.0;
-0.149954;
0.0912871;
-0.1825742;
-0.0230119;
-0.1333505;
-0.0;
-0.0552356;
0.0;
0.0;
0.025728;
0.0912871;
0.1825742;
-0.0230119;
-0.1333505;
0.0;
0.0552356;
0.0;
0.0;
0.025728;
-0.0912871;
0.1825742;
0.134123;
-0.0552356;
-0.0;
0.1333505;
0.0;
0.0;
-0.149954;
-0.0912871;
-0.1825742;
0.134123;
0.0552356;
-0.0;
0.1333505;
0.0;
0.0;
-0.149954;
0.0912871;
-0.1825742;
